%%%%%%%%%%%%%%%%%%%
%%%%%%%%%%%%%%%%%%%
%%%%%%%%%% COOL RFs
%%%%%%%%%%%%%%%%%%%
%%%%%%%%%%%%%%%%%%%
% 
%% 18_3_2013
% 
% BlockS_67=[3, 4, 5, 6, 8, 9, 10, 14, 18, 12, 20, 21, 22, 24, 25, 26, 27, 28, 29, 30, 33, 34, 35, 36, 37];
% %(24/38 neurons)
% 
% 10_4_2013 

BlockS_12=[5, 9, 15, 16, 17, 19, 20, 21, 22, 24, 25, 26, 27, 28, 29, 30, 31, 32, 33, 34, 36, 37, 38, 39];
%(22/39 neurons)
BlockS_34=[6, 10, 11, 12, 13, 14, 15, 18, 19, 20, 21, 22, 23, 24, 25, 26, 27, 28, 29, 30, 31, 32, 34, 35, 36, 40, 41, 43, 44];  %% note: 1 was kept ONLY for its good psth
%(29/44 neurons)
% 
%% 12_4_2013
% 
% BlockS_12=[1, 2, 3, 4, 5, 6, 7, 8, 10, 11, 12, 14, 15, 16, 17, 18, 19, 20, 21, 22, 23, 25, 26, 27];
% %(24/37 neurons)
% Block_3=[1, 2, 3, 4, 5, 7, 8, 9, 11, 12, 13, 14, 15, 16, 17, 18, 19, 20, 21, 23, 24, 26, 27, 28, 29, 30, 31, 32, 33, 34, 35, 38];
% %(32/38 neurons)
% Block_4=[1, 2, 3, 4, 5, 6, 7, 8, 9, 10, 11, 12, 13, 14, 15, 16, 17, 19, 20, 21, 22, 23, 25, 26, 27, 28, 29, 30, 32, 33, 34, 35, 37, 38];
% %(35/38 neurons)
% BlockS_56=[1, 2, 3, 4, 5, 6, 7, 8, 9, 10, 11, 12, 13, 14, 16, 17, 18, 19, 20, 21, 22, 23, 24, 25, 26, 27, 30, 32, 33, 34, 36, 37, 38, 39, 40, 42, 43]; 
% %(37/43 neurons)
% Block_7=[1, 2, 3, 4, 5, 6, 7, 8, 9, 10, 11, 12, 15, 16, 18, 20, 22, 26, 27, 28, 29, 30, 31, 32, 33, 34, 35, 36, 37, 38, 39, 40, 41, 42, 43, 44, 45, 47, 48];
% %(38/48 neurons)
% Block_8=[1, 2, 3, 4, 5, 6, 7, 8, 9, 10, 11, 12, 13, 15, 16, 17, 18, 19, 21, 22, 24, 25, 26, 28, 29, 30, 31, 32, 33, 38, 39, 42, 43, 45, 46];
% %(35/47 neurons)
% 
% 
%% 29_5_2013
% 
% BlockS_12=[1, 3, 4, 5, 6, 7, 8, 9, 10, 11, 12, 13, 14, 15, 16, 17, 18, 19, 20, 21, 22, 23, 24, 25, 26, 27, 28, 29, 30, 31, 33, 34, 36, 38, 39, 40, 41, 42, 43, 44, 45, 46, 47]
% %(43/47 neurons)
% Block_3=[3, 4, 5, 6, 7, 8, 9, 10, 11, 12, 13, 14, 15, 16, 17, 18, 19, 21, 22, 23, 24, 25, 26, 27, 28, 29, 30, 31, 32, 33, 34, 35]
% %(33/35 neurons)
% BlockS_45 = [1, 2, 3, 7, 8, 9, 10, 11, 12, 13, 14, 15, 16, 17, 18, 19, 21, 22, 23, 24, 25, 26, 27, 28, 29, 30, 31, 32, 34, 35, 36]
% %(31/36 neurons)
% Block_6=[1, 2, 3, 4, 5, 6, 7, 8, 9, 10, 11, 12, 13, 14, 15, 32, 34, 35]
% %(18/35 neurons)
% BlockS_78=[4, 5, 6, 7, 8, 9, 21, 23, 24, 25, 29, 31, 32]
% %(13/32 neurons)
% 
% 
%% 31_5_2013
% 
% BlockS_12=[1, 2, 3, 5, 6, 7, 8, 9, 10, 11, 12, 13, 14, 15, 16, 18, 19, 22, 24, 25, 26, 27, 30, 31, 32, 33, 34, 35, 36, 37, 38, 39, 41, 42, 43]
% %(36/43 neurons)
% Block_3=[1, 2, 3, 5, 6, 7, 8, 9, 10, 11, 13, 14, 15, 17, 18, 19, 21, 22, 23, 24, 25, 26, 27, 28, 29, 30, 31, 32, 33, 35]
% %(30/35 neurons)
% Block_4=[1, 2, 3, 4, 5, 6, 8, 9, 10, 11, 12, 13, 15, 16, 17, 18, 19, 20, 22, 23, 26, 27, 28, 30, 31, 32, 33, 34, 35, 36, 37, 38, 40, 41, 42, 43, 44, 45]
% %(38/45 neurons)
% Block_5=[1, 2, 5, 6, 9, 10, 11, 13, 15, 16, 17, 18, 21, 22, 23, 24, 25, 26, 28, 29, 30, 31, 32, 33, 34, 35, 36, 37, 38, 39, 40, 41, 43, 44, 46, 47, 48, 49]
% %(40/49 neurons)
% BlockS_67=[1, 2, 7, 8, 10, 11, 12, 14, 16, 17, 20, 24, 25, 26, 27, 28, 29, 30, 31, 32, 33, 34, 35, 37, 38, 39, 40, 41]
% %(28/41 neurons)
% 
%
%% 7_6_2013
% 
% Block_1=[1, 2, 3, 4, 5, 6, 8, 9, 10, 11, 14, 15, 16, 17, 18, 19, 21, 22, 23, 26, 27, 28, 29, 30, 32, 33, 34, 35, 36]
% %(29/44 neurons)
% BlockS_23=[1, 2, 3, 4, 5, 6, 7, 8, 10, 11, 12, 13, 14, 16, 17, 18, 19, 21, 22, 24, 25, 26, 27, 28, 29, 31, 32, 33, 34, 35, 36, 37, 38, 39, 40, 42, 43]
% %(37/45 neurons)
% Block_4=[1, 2, 3, 5, 7, 8, 10, 11, 12, 15, 16, 19, 20, 21, 22, 23, 24, 25, 28, 29, 30, 31, 32, 33, 34, 35, 36, 37, 38, 39, 40, 42, 43, 44]
% %(34/44 neurons)
% Block_5=[3, 4, 5, 7, 8, 9, 11, 12, 13, 14, 16, 17, 18, 19, 20, 21, 25, 26, 27, 28, 29, 30, 31, 33, 34, 35, 36, 37, 38, 39, 40, 41, 42, 43, 44, 45, 46, 47, 48, 50, 51, 52]
% %(43/52 neurons)
% Block_6=[14, 15, 18, 19, 20, 21, 23, 24, 25, 26, 27, 28, 29, 30, 31, 32, 34, 35, 36, 37, 38, 40, 41, 42, 43, 44, 45]
% %(27/45 neurons)
% BlockS_78=[2, 11, 12, 14, 15, 16, 18, 19, 20, 22, 23, 24, 25, 26, 27, 28, 29, 30, 31, 32, 33, 34, 35, 37, 42]
% %(25/42 neurons)
% BlockS_910=[31, 32, 33, 34, 40, 42, 43 44]
% %(8/44 neurons)
%
%
%% 12_6_2013
%
% BlockS_12=[1, 2, 3, 4, 7, 9, 10, 11, 12, 14, 15, 18, 19, 20, 22, 23, 26, 27, 28, 30, 33, 34]
% %(22/34 neurons)
% Block_3=[1, 2, 3, 5, 6, 8, 9, 10, 11, 13, 14, 15, 16, 19, 20, 21, 23, 24, 27, 28, 31, 33, 34, 35]
% %(24/35 neurons)
% BlockS_45=[1, 2, 3, 6, 7, 10, 11, 12, 14, 15, 19, 20, 21, 23, 24]
% %(15/35 neurons)
% Block_6=[3, 4, 6, 7, 9, 11, 12, 14, 15, 18, 19, 20, 22, 23, 24, 25, 26, 27, 28, 29, 30, 32, 33, 34]
% %(24/34 neurons)
% BlockS_78=[1, 2, 3, 5, 9, 10, 14, 18, 19, 20, 22, 23, 24, 25, 27, 29, 30, 31, 32, 33, 35, 36, 37]
% %(23/37 neurons)
%
%
%% 18_6_2013
%
% BlockS_12 =[1, 2, 3, 4, 7, 8, 10, 11, 12, 13, 16, 17, 22, 23, 25, 27, 33]
% %(17/40 neurons)
% Block_3 =[2, 3, 5, 9, 10, 1,, 13, 14, 17, 19, 22, 24, 25, 26, 28, 29, 30, 31, 32, 33, 34, 36, 37]
% %(23/35 neurons)
% BlockS_45=[1, 2, 6, 8, 9, 10, 12, 16, 17, 18, 22, 23, 24, 25, 28, 30, 32, 33, 34, 35]
% %(20/35 neurons)
% Block_6=[11, 28, 29, 31, 32, 33, 35, 36, 36]
% %(9/37 neurons)
% BlockS_78=[2, 10, 12, 13, 14, 17, 18, 24, 27, 28, 33, 38]
% %(13/38 neurons)