%%%%%%%%%%%%%%%%%%%
%%%%%%%%%%%%%%%%%%%
%%%%%%%%%% COOL RFs
%%%%%%%%%%%%%%%%%%%
%%%%%%%%%%%%%%%%%%%
% 
%% 18_3_2013
BlockS_67=[3, 4, 5, 6, 8, 9, 10, 12, 21, 22, 25, 26, 27, 28, 29, 33, 34, 35, 36, 37];
%(24/38 neurons)




% % % 10_4_2013 
% 
% BlockS_12=[9, 15, 16, 19, 21, 22, 24, 25, 26, 27, 28, 29, 30, 31, 32, 33, 34, 37, 38, 39];
% %(24/39 neurons)
% BlockS_34=[10, 13, 18, 21, 22, 23, 26, 27, 29, 30, 36, 40, 43];  
% %(29/44 neurons)


%
% 
% %% 12_4_2013
% % 
% BlockS_12=[2, 3, 6, 7, 8, 10, 11, 14, 15, 16, 26, 27];
% %(24/37 neurons)
% Block_3=[1, 2, 3, 4, 9, 11, 12, 13, 14, 15, 17, 19, 21, 23, 26, 27, 28, 29, 30, 31, 32, 33, 34, 35];
% %(32/38 neurons)
% Block_4=[1, 2, 3, 4, 5, 6, 7, 8, 9, 10, 11, 12, 15, 26, 27, 28, 30, 32];
% %(35/38 neurons)
% BlockS_56=[1, 2, 3, 4, 5, 6, 8, 9, 10, 11, 12, 13, 16, 17, 18, 19, 20, 21, 22, 23, 24, 25, 33, 34, 38, 39, 40, 42, 43]; 
% %(37/43 neurons)
% Block_7=[1, 2, 3, 4, 5, 6, 7, 8, 9, 10, 12, 15, 20, 22, 26, 27, 29, 31, 32, 34, 35, 36, 37, 38, 39, 40, 41, 42, 43, 44, 45, 47, 48];
% %(38/48 neurons)
% Block_8=[5, 6, 7, 8, 9, 10, 16, 17, 18, 19, 22, 29, 31, 32, 38, 39, 46];
% %(35/47 neurons)


% 29_5_2013

% BlockS_12=[4, 5, 7, 8, 9, 10, 11, 13, 14, 16, 19, 20, 21, 23, 24, 26, 27, 29, 30, 31, 33, 34, 36, 38, 39, 41, 42, 43, 45, 46, 47];
% %(31/47 neurons)
% Block_3=[6, 7, 16, 17, 24, 25, 26, 27, 28, 29, 30, 31, 35];
% %(13/35 neurons)
% BlockS_45 = [2, 3, 14, 15, 16, 18, 19, 25, 27, 28, 30, 36];
% %(12/36 neurons)
% Block_6=[1, 5, 6, 7, 8, 9, 10, 11, 13, 14, 31, 32, 35];
% %(13/35 neurons)
% BlockS_78=[6, 7, 8, 9, 32];
% %(5/32 neurons)

% 
% %% 31_5_2013
% 
% BlockS_12=[1, 2, 3, 6, 8, 13, 15, 18, 19, 24, 25, 26, 30, 31, 32, 33, 34, 35, 36, 37, 39];
% %(21/43 neurons)
% Block_3=[2, 14, 17, 18, 19, 21, 22, 23, 24, 25, 26, 28, 30, 31, 32, 35, 37, 38];
% %(30/38 neurons)
% Block_4=[5, 8, 18, 19, 20, 22, 23, 26, 27, 28, 30, 31, 32, 33, 34, 35, 36, 37, 38, 40, 41, 42, 43, 44, 45];
% %(38/45 neurons)
% Block_5=[22, 23, 25, 26, 28, 29, 30, 31, 33, 34, 35, 36, 37, 38, 39, 40, 41, 43, 44, 46, 47, 48, 49];
% %(40/49 neurons)
% BlockS_67=[8, 11, 12, 14, 16, 17, 20, 24, 25, 28, 29, 30, 32, 34, 35, 37, 38, 39, 40, 41];
% %(28/41 neurons)

%
%% 7_6_2013
% 
% Block_1=[1, 2, 3, 4, 5, 6, 8, 9, 10, 11, 14, 15, 16, 17, 18, 21, 22, 23, 27, 28, 29, 32, 33, 34];
% %(24/44 neurons)
% BlockS_23=[6, 12, 13, 16, 17, 18, 19, 25, 26, 27, 28, 31, 32, 33, 34, 35, 36, 37, 38, 39, 40];
% %(21/45 neurons)
% Block_4=[2, 3, 5, 7, 10, 11, 12, 15, 16, 20, 21, 23, 24, 25, 28, 29, 30, 31, 32, 33, 34, 35, 38, 40, 42];
% %(25/44 neurons)
% Block_5=[5, 12, 13, 16, 17, 21, 22, 33, 34, 35, 37, 39, 40, 41, 43, 44, 45, 46, 47, 48, 50, 51, 52];
% %(23/52 neurons)
% Block_6=[26, 27, 28, 29, 31, 32, 34, 35, 37, 38, 40, 41, 42, 43, 45];
% %(27/45 neurons)
% BlockS_78=[2, 11, 19, 23, 24, 26, 27, 28, 29, 30, 31, 32, 33, 34, 35];
% %(25/42 neurons)
% BlockS_910=[31, 32, 33, 34, 40, 42, 43, 44];
% % (8/44 neurons)
%
%
%% 12_6_2013

% BlockS_12=[2, 3, 14, 15, 18, 19, 20, 22, 23, 26, 27, 28, 30, 33];
% %(14/34 neurons)
% Block_3=[1, 2, 3, 5, 9, 10, 11, 13, 14, 15, 16, 20, 21, 23, 24, 27, 28, 31, 33, 34, 35];
% %(21/35 neurons)
% BlockS_45=[1, 2, 3, 6, 11, 12, 14, 15, 19, 20, 21, 23];
% %(12/35 neurons)
% Block_6=[3, 4, 6, 7, 9, 11, 12, 14, 15, 18, 19, 20, 22, 23, 24, 25, 26, 27, 28, 29, 30, 32, 33, 34];
% %(24/34 neurons)
% BlockS_78=[9, 10, 14, 18, 19, 20, 22, 23, 24, 25, 27, 30, 31, 32, 33, 35, 36, 37];
% %(18/37 neurons)
% 
% %
% % 18_6_2013
% 
% BlockS_12 =[1, 2, 3, 4, 7, 8, 10, 11, 12, 13, 16, 17, 22, 23];
% %(14/40 neurons)
% Block_3 =[2, 3, 5, 9, 10, 11, 13, 14, 17, 19, 22, 24, 25, 28, 31, 34];
% %(16/35 neurons)
% BlockS_45=[16, 17, 18, 22, 23, 24, 28, 30, 32, 35];
% %(10/35 neurons)
% Block_6=[4, 6, 24, 29, 33, 35, 37];
% %(7/37 neurons)
% BlockS_78=[10, 33];
% %(2/38 neurons)