%% cool neurons

%% 18_3_2013

Block_3=[3, 4, 5, 8, 20, 21, 22, 23, 24, 25, 30, 31, 32, 33, 37, 38, 39];

Block_5=[3, 4, 5, 7, 8, 9, 18, 19, 20, 21, 24, 25, 26, 28, 29, 33, 34, 35, 36];

BlockS_67=[3, 4, 5, 6, 8, 9, 10, 12, 20, 21, 22, 25, 26, 29, 33, 34, 35, 36, 37];




%% 10_4_2013
% 
% BlockS_12=[9, 10, 15, 16, 17, 19, 20, 21, 22, 24, 25, 26, 27, 28, 29, 30, 31, 32, 33, 34, 36, 37, 38, 39];  %%note: neurons 29 and 30 were kept ONLY for its decent rf

% BlockS_34=[1, 10, 11, 12, 13, 14, 15, 18, 19, 20, 21, 22, 23, 24, 25, 26, 27, 28, 29, 30, 31, 34, 35, 36, 40, 41, 42, 43, 44]; 


%% 12_4_2013

% BlockS_12=[1, 2, 3, 4, 5, 6, 7, 8, 9, 10, 11, 12, 14, 15, 16, 17, 18, 19, 20, 21, 22, 23, 25, 26, 27];  %% note: 27 was kept ONLY for its good rf
% 
% BlockS_56=[1, 2, 3, 4, 5, 6, 7, 8, 9, 10, 11, 12, 13, 14, 16, 17, 18, 19, 20, 21, 22, 23, 24, 25, 26, 27, 30, 31, 32, 33, 34, 35, 36, 37, 38, 39, 40, 42, 43];



%% 29_5_2013

% BlockS_12 =[]
% BlockS_45 = []
% BlockS_67 = []

%% 31_5_2013

% BlockS_12=[]
% BlockS_67 = []

%% 7_6_2013

% BlockS_23=[]
% BlockS_78=[]
% BlockS_910=[]

%% 12_6_2013


